1.998143111345153322e+00 2.209937445774057957e-02
1.978359516183319844e+00 2.210969498521471802e-02
1.958771798201307091e+00 2.212112503032652097e-02
1.939378018021095995e+00 2.210882136490101638e-02
1.920176255466431448e+00 2.205722858818133167e-02
1.901164609372704595e+00 2.206994743609758808e-02
1.882341197398717636e+00 2.213411636576337327e-02
1.863704155840314458e+00 2.221484904904976257e-02
1.845251639445856240e+00 2.213767111475059210e-02
1.826981821233520709e+00 2.207412236288069235e-02
1.808892892310416611e+00 2.205155575967644374e-02
1.790983061693481870e+00 2.195324915120276665e-02
1.773250556132160316e+00 2.188211988250762796e-02
1.755693619932831906e+00 2.174388688954061871e-02
1.738310514784981997e+00 2.165765032918896826e-02
1.721099519589091242e+00 2.156837474432664326e-02
1.704058930286229012e+00 2.141775444852083918e-02
1.687187059689335467e+00 2.135257228758550077e-02
1.670482237316173846e+00 2.135991866433108524e-02
1.653942809223934551e+00 2.137827916943756817e-02
1.637567137845479692e+00 2.142835743247745867e-02
1.621353601827207669e+00 2.150121181395152695e-02
1.605300595868522695e+00 2.157200282413462497e-02
1.589406530562893716e+00 2.162023176752596657e-02
1.573669832240488731e+00 2.168118525274310981e-02
1.558088942812364985e+00 2.178603436908668756e-02
1.542662319616203037e+00 2.182176732489182758e-02
1.527388435263567379e+00 2.187460860153127989e-02
1.512265777488680518e+00 2.193346978481568524e-02
1.497292848998693637e+00 2.200246640505022777e-02
1.482468167325439401e+00 2.205900156479728702e-02
1.467790264678652923e+00 2.209626690993430134e-02
1.453257687800646236e+00 2.211198353228631397e-02
1.438868997822422058e+00 2.221520798456044082e-02
1.424622770121209969e+00 2.224238060096130065e-02
1.410517594179415690e+00 2.219725368212690370e-02
1.396552073444966124e+00 2.214249406071240600e-02
1.382724825193035745e+00 2.211457075344242657e-02
1.369034480389144326e+00 2.215630927492835342e-02
1.355479683553608039e+00 2.215496246173476874e-02
1.342059092627334804e+00 2.204035390359007640e-02
1.328771378838945250e+00 2.166079647521132467e-02
1.315615226573213059e+00 2.147347461964088655e-02
1.302589333240805169e+00 2.141187948472854027e-02
1.289692409149311825e+00 2.136876241372652127e-02
1.276923177375556273e+00 2.132519131582672270e-02
1.264280373639164790e+00 2.128296124240462023e-02
1.251762746177390806e+00 2.125218286060617107e-02
1.239369055621178939e+00 2.128958305094817011e-02
1.227098074872454481e+00 2.134154861784029467e-02
1.214948588982628142e+00 2.139683602631714532e-02
1.202919395032304939e+00 2.145451376805800406e-02
1.191009302012183246e+00 2.154691888920143295e-02
1.179217130705132011e+00 2.161965732366733298e-02
1.167541713569437700e+00 2.165737669426189005e-02
1.155981894623205442e+00 2.168145423070240094e-02
1.144536529329906349e+00 2.169918944919291964e-02
1.133204484485055952e+00 2.175146741625565844e-02
1.121984638104015719e+00 2.171983649870675923e-02
1.110875879310906811e+00 2.168300161433357395e-02
1.099877108228620504e+00 2.155137647631790929e-02
1.088987235869921300e+00 2.133569442554389406e-02
1.078205184029625396e+00 2.120761483469527434e-02
1.067529885177846749e+00 2.120079259830741358e-02
1.056960282354303615e+00 2.119066214847513396e-02
1.046495329063666935e+00 2.120551580509120321e-02
1.036133989171947656e+00 2.121608627655537094e-02
1.025875236803908575e+00 2.126304059145395567e-02
1.015718056241493583e+00 2.131730575036763775e-02
1.005661441823260782e+00 2.138162346673781744e-02
9.957043978448129051e-01 2.144613925457389964e-02
9.858459384602107356e-01 2.149987821297509941e-02
9.760850875843671837e-01 2.153484359465163145e-02
9.664208787964031488e-01 2.154477348743141091e-02
9.568523552439635038e-01 2.155046186306163597e-02
9.473785695484787661e-01 2.155121891570016893e-02
9.379985837113650193e-01 2.158276069276204162e-02
9.287114690211535351e-01 2.154655258901221754e-02
9.195163059615381052e-01 2.133424835996804159e-02
9.104121841203346444e-01 2.127656921253497091e-02
9.013982020993412947e-01 2.130530330634325398e-02
8.924734674250904831e-01 2.132001808330872411e-02
8.836370964604856049e-01 2.123455894566627158e-02
8.748882143173124515e-01 2.123122373392615642e-02
8.662259547696162798e-01 2.122713851458920414e-02
8.576494601679369723e-01 2.124220984462017042e-02
8.491578813543929627e-01 2.128428445940126063e-02
8.407503775786069333e-01 2.131353643078355911e-02
8.324261164144621805e-01 2.134261947598346462e-02
8.241842736776853195e-01 2.137082168621544723e-02
8.160240333442428939e-01 2.140861134999671664e-02
8.079445874695474483e-01 2.141957998245291872e-02
7.999451361084628509e-01 2.143342923426858754e-02
7.920248872361017600e-01 2.148848147872538944e-02
7.841830566694077964e-01 2.157281526803409705e-02
7.764188679895126510e-01 2.171532670811528176e-02
7.687315524648640208e-01 2.216419660643580147e-02
7.611203489751129370e-01 2.177997513507603372e-02
7.535845039357553787e-01 2.160555153334108372e-02
7.461232712235201792e-01 2.152294848832559185e-02
7.387359121024952291e-01 2.147332762237307360e-02
7.314216951509854292e-01 2.143431940527721485e-02
7.241798961890945074e-01 2.140483378530994366e-02
7.170097982070242626e-01 2.138066593145441716e-02
7.099106912940834624e-01 2.131969034189393902e-02
7.028818725683995128e-01 2.130005994779914785e-02
6.959226461073261261e-01 2.129712179181716958e-02
6.890323228785407705e-01 2.128515807112147870e-02
6.822102206718225759e-01 2.127576747677672325e-02
6.754556640315074745e-01 2.128557020175890144e-02
6.687679841896112531e-01 2.130157416350902597e-02
6.621465189996151857e-01 2.132178480012018526e-02
6.555906128709060310e-01 2.134492391838823527e-02
6.490996167038673992e-01 2.137288399547243242e-02
6.426728878256112720e-01 2.139643556505615649e-02
6.363097899263477908e-01 2.142716534803266321e-02
6.300096929963838743e-01 2.146450153555031978e-02
6.237719732637464487e-01 2.150665147256800025e-02
6.175960131324222946e-01 2.155551180140625328e-02
6.114812011212101828e-01 2.161416660178572258e-02
6.054269318031784142e-01 2.168812390718483779e-02
5.994326057457212142e-01 2.179068395643894707e-02
5.934976294512089856e-01 2.198790843610985701e-02
5.876214152982268679e-01 2.227789848720869090e-02
5.818033814833929451e-01 2.185552380235504522e-02
5.760429519637553231e-01 2.172864112141668913e-02
5.703395563997577522e-01 2.164793843430964232e-02
5.646926300987700209e-01 2.158709335969553542e-02
5.591016139591782341e-01 2.154060847746998297e-02
5.535659544150279832e-01 2.150420975517056132e-02
5.480851033812158546e-01 2.147583132844677056e-02
5.426585181992235052e-01 2.145421738964741615e-02
5.372856615833896399e-01 2.143773920088264812e-02
5.319660015677124543e-01 2.142721572180844233e-02
5.266990114531806544e-01 2.142152797576828138e-02
5.214841697556245048e-01 2.141978861263476447e-02
5.163209601540835747e-01 2.142124065583309381e-02
5.112088714396867406e-01 2.142512502081182074e-02
5.061473974650364527e-01 2.143049520159988688e-02
5.011360370940953768e-01 2.143703012596793675e-02
4.961742941525696948e-01 2.144433580006720533e-02
4.912616773787819580e-01 2.145250789787190443e-02
4.863977003750316053e-01 2.146120074612898471e-02
4.815818815594372082e-01 2.146987922186067640e-02
4.768137441182547231e-01 2.147902189052878011e-02
4.720928159586680883e-01 2.148837692204233832e-02
4.674186296620475578e-01 2.149786088397390854e-02
4.627907224376709427e-01 2.150738785500135031e-02
4.582086360769018762e-01 2.151712529601029072e-02
4.536719169078236025e-01 2.152692388991296960e-02
4.491801157503204633e-01 2.153678358332593301e-02
4.447327878716043625e-01 2.154672193216123494e-02
4.403294929421824877e-01 2.155666871148660332e-02
4.359697949922599070e-01 2.156666287096738188e-02
4.316532623685741532e-01 2.157672751164513639e-02
4.273794676916575774e-01 2.158682775723402489e-02
4.231479878135223638e-01 2.159698239706950296e-02
4.189584037757647095e-01 2.160718950837016775e-02
4.148103007680838950e-01 2.161756447419144189e-02
4.107032680872117480e-01 2.162863312240290159e-02
4.066368990962493379e-01 2.168293636770958488e-02
4.026107911844052367e-01 2.170583775487987255e-02
3.986245457271338499e-01 2.165899028027880660e-02
3.946777680466671545e-01 2.166839889057738805e-02
3.907700673729378460e-01 2.167845793667044774e-02
3.869010568048889542e-01 2.168865691953051136e-02
3.830703532721672633e-01 2.169891483679245101e-02
3.792775774971952618e-01 2.170920641471443119e-02
3.755223539576190706e-01 2.171952297385236486e-02
3.718043108491277948e-01 2.172986143540553763e-02
3.681230800486414156e-01 2.174022097434515771e-02
3.644782970778627784e-01 2.175060217904675047e-02
3.608696010671909038e-01 2.176100702255497066e-02
3.572966347199910131e-01 2.177143957831807752e-02
3.537590442772188259e-01 2.178190848805706265e-02
3.502564794823948557e-01 2.179243931633109005e-02
3.467885935469256498e-01 2.180366936887228810e-02
3.433550431157679772e-01 2.183484031706706824e-02
3.399554882334336336e-01 2.182470612575950625e-02
3.365895923103303100e-01 2.183669358345143724e-02
